6
15
30
49
72
102
135
174
217
264
318
375
438
505
576
654
735
822
913
1008
1110
1215
1326
1441
1560
1686
1815
1950
2089
2232
2382
2535
2694
2857
3024
3198
3375
3558
3745
3936
4134
4335
4542
4753
4968
5190
5415
5646
5881
6120
6366
6615
6870
7129
7392
7662
7935
8214
8497
8784
9076
9375
9678
9985
10296
10614
10935
11262
11593
11928
12270
12615
12996
13321
13680
14046
14415
14790
15169
15552
15942
16335
16734
17137
17554
17958
18375
18798
19225
19656
20094
20535
20982
21433
21888
22350
22815
23286
23761